第1张图像的外参数矩阵:
(1)旋转矩阵：
[[-0.01114165  0.99945103  0.03120092]
 [-0.91404751 -0.02283178  0.40496402]
 [ 0.40545408 -0.02400716  0.91380011]]
(2)平移矩阵：
[[ 0.77117239  0.61618823 -0.16001626]
 [-0.63627734  0.73768361 -0.22577429]
 [-0.02107809  0.27592562  0.96094785]]
第2张图像的外参数矩阵:
(1)旋转矩阵：
[[-0.41454253  0.90934349  0.03533999]
 [-0.90772424 -0.41041768 -0.08714378]
 [-0.06473947 -0.06820377  0.99556871]]
(2)平移矩阵：
[[ 0.08975399  0.8227818  -0.56122573]
 [-0.98135841  0.1692096   0.09112509]
 [ 0.16994085  0.54258475  0.82263108]]
第3张图像的外参数矩阵:
(1)旋转矩阵：
[[ 0.19913581  0.97202942  0.12451399]
 [-0.91600344  0.22978183 -0.32884344]
 [-0.34825656 -0.04857074  0.93614008]]
(2)平移矩阵：
[[ 0.11548671 -0.95549365 -0.27146767]
 [ 0.87118585 -0.03385714  0.48978455]
 [-0.47717714 -0.2930624   0.82850251]]
第4张图像的外参数矩阵:
(1)旋转矩阵：
[[-0.02278911  0.97670199  0.21338669]
 [-0.9653914  -0.07696734  0.24918962]
 [ 0.2598078  -0.20032286  0.94465372]]
(2)平移矩阵：
[[-0.42499911 -0.74251766 -0.51772896]
 [ 0.56196724 -0.66481512  0.49215209]
 [-0.70962566 -0.08178252  0.69981643]]
第5张图像的外参数矩阵:
(1)旋转矩阵：
[[-0.0135339   0.95688006  0.29016786]
 [-0.97785809  0.04794125 -0.20370367]
 [-0.20883099 -0.28649989  0.93504408]]
(2)平移矩阵：
[[-0.23994087 -0.87382267 -0.42292117]
 [ 0.78499123 -0.43094947  0.44505204]
 [-0.57115422 -0.22520324  0.78934553]]
第6张图像的外参数矩阵:
(1)旋转矩阵：
[[-0.00262335  0.99754389 -0.069995  ]
 [-0.9990357  -0.00568208 -0.04353604]
 [-0.04382683  0.06981329  0.99659687]]
(2)平移矩阵：
[[ 0.99936478  0.03506457 -0.00636518]
 [-0.03515394  0.99927645 -0.01451805]
 [ 0.0058515   0.01473259  0.99987435]]
